41875832
41454911
41411953
41273189
41256771
41210959
41129628
39845712
39670091
39604459
39567907
38282865
38166125
38150437
37848062
37842045
37547720
37454286
37443199
37260163
37228141
37085476
36510006
36061746
36044584
35943423
35789026
35468162
35287349
34493583
34119965
33964051
33342999
33091033
32710518
32426458
32127622
32095328
31998555
31797896
31394568
31282031
31179987
31170313
30993053
30914426
30830472
30809452
29910975
29553820
29181279
29079623
28751030
27671533
27703862
27194698
27105725
26880837
26839742
26784329
26745888
26705570
26659364
26497873
26451236
26241853
26085704
25911491
25519925
25469321
25372835
25155714
24983533
24943374
24909707
24850918
24763319
24597458
24375136
24370863
24260438
23331636
23278392
23254513
23227169
23133600
22994626
22589399
22413020
22348010
22216101
21858132
21818271
21701682
21633702
21299104
21059900
20527463
20526374
20502527
20406294
20361023
21798197
20132278
20095241
20040751
22833700
19395569
19317843
21585840
18298846
17631417
17158464
16703769
15813778
15348605
12077296
11795170
11804422
10958900
28306807
2871213
28310039
17837159