41875832
41800128
41503411
41481580
41454911
41431128
41411953
41369259
41360917
41349140
41273189
41256771
41248290
41210959
41200252
41198432
41129628
40936763
40744498
40708668
40609247
40527468
40503883
40355547
40317056
40290387
40154142
40138278
39891726
39845712
39835824
39670093
39670091
39604459
39592588
39567907
39450505
39395420
39292637
39289821
39229226
39222355
39186575
38923956
38570591
38366175
38360316
38359027
38282865
38166125
38150437
38144189
37992160
37907732
37848062
37846617
37842045
37804092
37769073
37699971
37646698
37594931
37547720
37465157
37454286
37443199
37361046
37260163
37228141
37086550
37085476
37073735
36848553
36753468
36688558
36684679
36510006
36442118
36420132
36369337
36061746
36044584
35943423
35789026
35734639
35681037
35603134
35468162
35429557
35420230
35368334
35287349
35157069
35041688
34848743
34641725
34593802
34493583
34367562
34363004
34312399
34143280
34119965
34045538
33964051
33953818
33854832
33666231
33342999
33293020
33293016
33091033
33001521
32997690
32913671
32719467
32710518
32701064
32426458
32374734
32337099
32127622
32095328
31998555
31824686
31797896
31715909
31566878
31456305
31394568
31332879
31282031
31238849
31238847
31236558
31179987
31170313
31043671
31031924
30993053
30988456
30914426
30830472
30809452
30809440
30737954
30506836
30281867
30128199
29915342
29910975
29682405
29553820
29507829
29300508
29290384
29181279
29124861
29098358
29079623
29076634
29016624
28875073
28861224
28839161
28751030
28472031
28378059
28320966
28319134
28310039
28306807
28027580
27902710
27781176
27703862
27703844
27671533
27547525
27194698
27168990
27105725
27083502
27076191
27029403
26880837
26839742
26784329
26753672
26745888
26734500
26705570
26659364
26641083
26624698
26580977
26497873
26451236
26378304
26241853
26184385
26119322
26113199
26085704
26047488
25911491
25887933
25874963
25652762
25564461
25537577
25519925
25469321
25438171
25372835
25347837
25268812
25210660
25155714
24983533
24943374
24909707
24850918
24763319
24677278
24597458
24375136
24370863
24260438
24039807
23940737
23894925
23602263
23600249
23457605
23372774
23331636
23308185
23278392
23264475
23254513
23227169
23150775
23133600
23025075
22994626
22951746
22925734
22833700
22691977
22636010
22589399
22462739
22413020
22348010
22216307
22216101
22116768
22113375
22009340
21858132
21818271
21798197
21701682
21633702
21585840
21564860
21497202
21299104
21299103
21125021
21059900
20873047
20873045
20700530
20527467
20527463
20526374
20520809
20505771
20502527
20457927
20406294
20391907
20361023
20132278
20111583
20095246
20095241
20095240
20095239
20073326
20040751
19886494
19819006
19740874
19515663
19395569
19317843
19223986
19100585
19086388
19005565
18798767
18781354
18705385
18479440
18457180
18364996
18331247
18298846
18191447
17972885
17837159
17645655
17631417
17465148
17354397
17302846
17158464
16958892
16796572
16782451
16711060
16703771
16703769
16703766
16593007
16400152
15813778
15759795
15727304
15528553
15479247
15348605
15315687
15264555
15264552
15264551
15264537
15101437
12753202
12146827
12077296
12065836
11804422
11795170
10972775
10958900
10097392
2871213
